image_width: 640
image_height: 640
camera_name: narrow_stereo
camera_matrix:
  rows: 3
  cols: 3
  data: [711.23959,   0.     , 320.23576,
           0.     , 711.3743 , 333.26632,
           0.     ,   0.     ,   1.     ]
distortion_model: plumb_bob
distortion_coefficients:
  rows: 1
  cols: 5
  data: [-0.087879, 0.063827, -0.001364, 0.000696, 0.000000]
rectification_matrix:
  rows: 3
  cols: 3
  data: [1., 0., 0.,
         0., 1., 0.,
         0., 0., 1.]
projection_matrix:
  rows: 3
  cols: 4
  data: [699.08966,   0.     , 320.05989,   0.     ,
           0.     , 699.284  , 332.47608,   0.     ,
           0.     ,   0.     ,   1.     ,   0.     ]
