<<<<<<< HEAD
image_width: 640
image_height: 640
=======
image_width: 1440
image_height: 1080
>>>>>>> main
camera_name: narrow_stereo
camera_matrix:
  rows: 3
  cols: 3
<<<<<<< HEAD
  data: [711.23959,   0.     , 320.23576,
           0.     , 711.3743 , 333.26632,
           0.     ,   0.     ,   1.     ]
=======
  data: [1745.80923,    0.     ,  736.22318,
            0.     , 1744.81338,  582.51173,
            0.     ,    0.     ,    1.     ]
>>>>>>> main
distortion_model: plumb_bob
distortion_coefficients:
  rows: 1
  cols: 5
<<<<<<< HEAD
  data: [-0.087879, 0.063827, -0.001364, 0.000696, 0.000000]
=======
  data: [-0.057815, 0.072299, -0.000251, 0.000972, 0.000000]
>>>>>>> main
rectification_matrix:
  rows: 3
  cols: 3
  data: [1., 0., 0.,
         0., 1., 0.,
         0., 0., 1.]
projection_matrix:
  rows: 3
  cols: 4
<<<<<<< HEAD
  data: [699.08966,   0.     , 320.05989,   0.     ,
           0.     , 699.284  , 332.47608,   0.     ,
           0.     ,   0.     ,   1.     ,   0.     ]
=======
  data: [1730.81042,    0.     ,  736.78878,    0.     ,
            0.     , 1734.54419,  582.20699,    0.     ,
            0.     ,    0.     ,    1.     ,    0.     ]
>>>>>>> main
